#Layer_Color=16711935
#
#Feature symbol names
#
$0 r10
$1 r9.8425

#
#Feature attribute names
#

#
#Layer features
#
A 1.87 2.2399606 2.07 2.0399606 2.07 2.2399606 1 P 0 N
A 11.038543 2.275984 11.038543 2.275984 10.968543 2.275984 0 P 0 N
A 11.038543 4.240984 11.038543 4.240984 10.968543 4.240984 0 P 0 N
A 15.808543 2.275984 15.808543 2.275984 15.738543 2.275984 0 P 0 N
A 15.808543 4.240984 15.808543 4.240984 15.738543 4.240984 0 P 0 N
A 3.483543 2.275984 3.483543 2.275984 3.413543 2.275984 0 P 0 N
A 3.483543 4.240984 3.483543 4.240984 3.413543 4.240984 0 P 0 N
A 7.258543 4.240984 7.258543 4.240984 7.188543 4.240984 0 P 0 N
A 7.263543 2.280984 7.263543 2.280984 7.193543 2.280984 0 P 0 N
L 1.87 2.2399606 1.87 4.4809055 1 P 0
L 1.87 4.4809055 2.3288189 4.4809055 0 P 0
L 10.8949606 1.725 10.8949606 2.0399606 0 P 0
L 10.8949606 2.0399606 11.0327165 2.0399606 0 P 0
L 11.0327165 1.725 11.0327165 2.0399606 0 P 0
L 11.0327165 1.725 11.5764173 1.725 0 P 0
L 11.5764173 1.725 11.5764173 2.0399606 0 P 0
L 11.5764173 2.0399606 13.661063 2.0399606 0 P 0
L 12.2091339 4.4809055 12.2091339 4.7958661 0 P 0
L 12.2091339 4.4809055 13.661063 4.4809055 0 P 0
L 13.661063 1.725 13.661063 2.0399606 0 P 0
L 13.661063 1.725 14.6725197 1.725 0 P 0
L 13.661063 4.4809055 13.661063 4.7958661 0 P 0
L 13.661063 4.7958661 14.6725197 4.7958661 0 P 0
L 14.6725197 1.725 14.6725197 2.0399606 0 P 0
L 14.6725197 2.0399606 14.8102756 2.0399606 0 P 0
L 14.6725197 4.4809055 14.6725197 4.7958661 0 P 0
L 14.6725197 4.4809055 14.8102756 4.4809055 0 P 0
L 14.8102756 1.725 14.8102756 2.0399606 0 P 0
L 14.8102756 1.725 15.3540551 1.725 0 P 0
L 14.8102756 4.4809055 14.8102756 4.7958661 0 P 0
L 14.8102756 4.7958661 15.3540551 4.7958661 0 P 0
L 15.3540551 1.725 15.3540551 2.0399606 0 P 0
L 15.3540551 2.0399606 15.9901969 2.0399606 0 P 0
L 15.3540551 4.4809055 15.3540551 4.7958661 0 P 0
L 15.3540551 4.4809055 15.9901969 4.4809055 0 P 0
L 15.9901969 2.0399606 15.9901969 2.4066929 0 P 0
L 15.9901969 2.4066929 16.3051575 2.4066929 0 P 0
L 15.9901969 3.4181102 15.9901969 3.5559055 0 P 0
L 15.9901969 3.4181102 16.3051575 3.4181102 0 P 0
L 15.9901969 3.5559055 16.3051575 3.5559055 0 P 0
L 15.9901969 4.0996063 15.9901969 4.4809055 0 P 0
L 15.9901969 4.0996063 16.3051575 4.0996063 0 P 0
L 16.3051575 2.4066929 16.3051575 3.4181102 0 P 0
L 16.3051575 3.5559055 16.3051575 4.0996063 0 P 0
L 2.07 2.0399606 2.3288189 2.0399606 0 P 0
L 2.3288189 1.725 2.3288189 2.0399606 0 P 0
L 2.3288189 1.725 3.3402756 1.725 0 P 0
L 2.3288189 4.4809055 2.3288189 4.7958661 0 P 0
L 2.3288189 4.7958661 3.3402756 4.7958661 0 P 0
L 3.3402756 1.725 3.3402756 2.0399606 0 P 0
L 3.3402756 2.0399606 3.4780709 2.0399606 0 P 0
L 3.3402756 4.4809055 3.3402756 4.7958661 0 P 0
L 3.3402756 4.4809055 3.4780709 4.4809055 0 P 0
L 3.4780709 1.725 3.4780709 2.0399606 0 P 0
L 3.4780709 1.725 4.0217323 1.725 0 P 0
L 3.4780709 4.4809055 3.4780709 4.7958661 0 P 0
L 3.4780709 4.7958661 4.0217323 4.7958661 0 P 0
L 4.0217323 1.725 4.0217323 2.0399606 0 P 0
L 4.0217323 2.0399606 6.1062205 2.0399606 0 P 0
L 4.0217323 4.4809055 4.0217323 4.7958661 0 P 0
L 4.0217323 4.4809055 6.1062205 4.4809055 0 P 0
L 6.1062205 1.725 6.1062205 2.0399606 0 P 0
L 6.1062205 1.725 7.1176772 1.725 0 P 0
L 6.1062205 4.4809055 6.1062205 4.7958661 0 P 0
L 6.1062205 4.7958661 7.1176772 4.7958661 0 P 0
L 7.1176772 1.725 7.1176772 2.0399606 0 P 0
L 7.1176772 2.0399606 7.2554331 2.0399606 0 P 0
L 7.1176772 4.4809055 7.1176772 4.7958661 0 P 0
L 7.1176772 4.4809055 7.2554331 4.4809055 0 P 0
L 7.2554331 1.725 7.2554331 2.0399606 0 P 0
L 7.2554331 1.725 7.7991339 1.725 0 P 0
L 7.2554331 4.4809055 7.2554331 4.7958661 0 P 0
L 7.2554331 4.7958661 7.7991339 4.7958661 0 P 0
L 7.7991339 1.725 7.7991339 2.0399606 0 P 0
L 7.7991339 2.0399606 9.8835039 2.0399606 0 P 0
L 7.7991339 4.4809055 7.7991339 4.7958661 0 P 0
L 7.7991339 4.4809055 8.4991339 4.4809055 0 P 0
L 8.4991339 4.4809055 8.5 4.8 0 P 0
L 8.5 4.79 12.2091339 4.79 0 P 0
L 9.8835039 1.725 10.8949606 1.725 0 P 0
L 9.8835039 1.725 9.8835039 2.0399606 0 P 0
